1 184 2 
1 29 2 
1 31 2 
1 12 3 
1 51 3 
1 102 3 
1 13 4 
1 14 4 
1 15 4 
1 57 2 
1 378 2 
1 859 2 
1 185 3 
1 30 3 
1 37 3 
1 52 4 
1 142 4 
1 195 4 
1 875 2 
1 56 3 
1 66 3 
1 95 3 
1 462 4 
1 497 3 
1 858 3 
1 876 3 
1 879 3 
1 880 3 
1 486 -1
2 12 1 
2 15 2 
2 184 2 
2 858 2 
2 51 3 
2 102 3 
2 202 3 
2 14 4 
2 52 4 
2 380 4 
2 746 1 
2 859 2 
2 948 2 
2 285 3 
2 390 3 
2 391 3 
2 442 4 
2 497 3 
2 643 3 
2 856 3 
2 857 3 
2 877 3 
2 864 3 
2 658 3 
2 486 -1
3 5 3 
3 6 3 
3 90 3 
3 91 3 
3 119 3 
3 144 3 
3 181 3 
3 399 3 
3 485 -1
4 236 3 
4 166 3 
4 488 -1
5 552 1 
5 401 3 
5 1297 3 
5 1296 1 
5 488 -1
6 99 2 
6 115 3 
6 257 3 
6 258 3 
6 491 -1
7 20 2 
7 56 3 
7 57 3 
7 58 3 
7 19 4 
7 492 -1
8 48 1 
8 122 1 
8 20 3 
8 58 3 
8 196 3 
8 354 1 
8 360 1 
8 197 3 
8 999 3 
8 1112 3 
8 1005 1 
8 492 -1
9 21 2 
9 22 2 
9 550 2 
9 534 -1
10 259 2 
10 405 2 
10 302 3 
10 436 3 
10 437 3 
10 438 3 
10 998 3 
10 1011 3 
10 493 -1
11 27 3 
11 28 3 
11 262 3 
11 160 4 
11 20 4 
11 263 3 
11 654 4 
11 495 -1
12 86 2 
12 194 2 
12 650 2 
12 649 4 
12 652 2 
12 624 -1
13 64 2 
13 265 2 
13 65 4 
13 311 4 
13 496 -1
14 64 1 
14 65 4 
14 496 -1
15 463 1 
15 462 3 
15 497 -1
16 266 2 
16 106 3 
16 196 3 
16 498 -1
17 106 2 
17 196 3 
17 498 -1
18 196 2 
18 197 2 
18 198 2 
18 498 -1
19 32 2 
19 67 2 
19 164 2 
19 639 3 
19 715 3 
19 716 3 
19 719 4 
19 1379 4 
19 717 3 
19 499 -1 
20 87 3 
20 88 3 
20 104 3 
20 267 3 
20 268 3 
20 269 3 
20 270 3 
20 407 3 
20 408 3 
20 500 -1
21 271 1 
21 16 2 
21 413 2 
21 414 3 
21 502 -1
22 68 1 
22 502 -1
23 900 1 
23 902 1 
23 200 2 
23 201 2 
23 601 2 
23 899 3 
23 903 3 
23 593 3 
23 199 4 
23 594 4 
23 901 2 
23 544 2 
23 597 2 
23 749 3 
23 917 3 
23 919 3 
23 1333 4 
23 634 2 
23 687 2 
23 698 2 
23 1290 3 
23 700 2 
23 704 2 
23 705 2 
23 1109 2 
23 1112 2 
23 1141 2 
23 1197 2 
23 1256 2 
23 1259 2 
23 1272 2 
23 1289 2 
23 892 -1
24 46 2 
24 47 2 
24 92 3 
24 756 -1
25 213 2 
25 212 3 
25 214 3 
25 215 3 
25 216 3 
25 276 3 
25 277 3 
25 426 3 
25 427 3 
25 511 -1
26 145 1 
26 611 1 
26 376 2 
26 406 2 
26 565 2 
26 1076 2 
26 511 -1
27 224 2 
27 278 3 
27 428 3 
27 512 -1
28 224 3 
28 279 3 
28 512 -1
29 250 2 
29 514 2 
29 609 2 
29 225 3 
29 793 3 
29 464 4 
29 465 4 
29 612 2 
29 466 4 
29 513 -1
30 225 2 
30 464 2 
30 514 2 
30 466 3 
30 609 3 
30 612 3 
30 793 4 
30 513 -1
31 776 4 
31 751 -1
32 465 2 
32 249 3 
32 777 3 
32 778 3 
32 247 4 
32 250 4 
32 752 -1
33 252 3 
33 431 3 
33 141 4 
33 516 -1
34 252 1 
34 431 3 
34 672 3 
34 714 3 
34 799 3 
34 800 3 
34 516 -1
35 166 1 
35 167 1 
35 132 3 
35 517 -1
36 169 2 
36 168 3 
36 518 -1
37 173 2 
37 188 2 
37 172 3 
37 97 3 
37 121 3 
37 187 3 
37 242 3 
37 409 3 
37 487 3 
37 519 -1
38 24 2 
38 283 2 
38 552 2 
38 272 3 
38 557 4 
38 558 4 
38 553 2 
38 554 2 
38 555 2 
38 556 2 
38 536 -1
39 272 1 
39 555 1 
39 24 2 
39 283 2 
39 552 2 
39 79 3 
39 207 3 
39 418 3 
39 557 4 
39 554 2 
39 556 2 
39 505 3 
39 1257 3 
39 536 -1
40 24 2 
40 283 2 
40 552 2 
40 272 3 
40 85  3 
40 976 3 
40 557 4 
40 558 4 
40 553 2 
40 554 2 
40 555 2 
40 556 2 
40 536 -1
41 288 1 
41 289 1 
41 433 2 
41 520 -1
42 468 2 
42 467 3 
42 469 3 
42 470 3 
42 775 4 
42 521 -1
43 467 1 
43 468 1 
43 39 3 
43 503 3 
43 775 3 
43 469 1 
43 521 -1
44 302 3 
44 436 3 
44 437 4 
44 524 -1
45 305 2 
45 570 2 
45 308 3 
45 481 3 
45 338 3 
45 1226 4 
45 1355 4 
45 1185 3 
45 629 3 
45 663 3 
45 798 3 
45 572 3 
45 525 -1
46 305 2 
46 338 3 
46 344 3 
46 481 3 
46 84 4 
46 123 4 
46 1185 4 
46 623 3 
46 570 3 
46 798 3 
46 1226 4 
46 629 4 
46 663 4 
46 572 4 
46 1355 4 
46 525 -1
47 304 2 
47 306 2 
47 307 2 
47 305 3 
47 629 3 
47 663 3 
47 308 4 
47 309 2 
47 310 2 
47 570 2 
47 798 3 
47 1185 3 
47 1355 3 
47 572 2 
47 525 -1
48 439 2 
48 311 3 
48 316 3 
48 440 3 
48 187 4 
48 314 4 
48 315 4 
48 797 3 
48 798 3 
48 794 4 
48 265 4 
48 526 -1
49 320 3 
49 478 4 
49 527 -1
50 326 2 
50 629 2 
50 21 4 
50 94 4 
50 22 4 
50 306 4 
50 528 -1
51 94 1 
51 23 2 
51 105 2 
51 381 2 
51 192 3 
51 326 4 
51 63 4 
51 494 2 
51 629 2 
51 261 4 
51 528 -1
52 21 2 
52 22 2 
52 306 2 
52 326 4 
52 528 -1
53 296 3 
53 33 3 
53 446 4 
53 447 4 
53 448 4 
53 449 4 
53 208 4 
53 297 4 
53 298 4 
53 299 4 
53 531 -1
54 84 2 
54 24 3 
54 101 3 
54 294 3 
54 628 4 
54 661 4 
54 364 3 
54 365 3 
54 560 3 
54 123 -1
55 16 2 
55 375 2 
55 460 2 
55 378 3 
55 255 3 
55 271 3 
55 376 4 
55 377 4 
55 562 2 
55 502 3 
55 538 -1
56 380 2
56 749 3 
56 1339 3 
56 14 4 
56 705 4 
56 779 4 
56 780 4 
56 379 4 
56 643 4 
56 686 4 
56 753 -1
57 380 2 
57 593 3 
57 746 3 
57 914 3 
57 14 4 
57 379 4 
57 705 4 
57 779 4 
57 780 4 
57 704 4 
57 12 4 
57 15 4 
57 857 4 
57 859 4 
57 753 -1
58 788 2 
58 785 3 
58 786 3 
58 787 3 
58 23 4 
58 381 4 
58 382 4 
58 784 4 
58 789 4 
58 754 -1
59 788 2 
59 785 3 
59 786 3 
59 787 3 
59 754 -1
60 475 2 
60 476 3 
60 527 3 
60 320 4 
60 478 4 
60 322 -1
61 565 2 
61 566 2 
61 564 3 
61 1159 3 
61 661 4 
61 539 -1
62 566 1 
62 567 2 
62 1084 2 
62 1078 3 
62 1081 3 
62 539 -1
63 567 1 
63 564 3 
63 566 3 
63 539 -1
64 390 1 
64 391 2 
64 627 -1
65 2 2 
65 3 2 
65 128 2 
65 180 3 
65 323 3 
65 324 3 
65 418 4 
65 664 2 
65 629 2 
65 393 3 
65 394 3 
65 659 3 
65 4 3 
65 384 3 
65 1302 3 
65 388 -1
66 664 2 
66 629 2 
66 180 3 
66 659 3 
66 660 3 
66 388 -1
67 2 1 
67 3 1 
67 664 2 
67 629 2 
67 323 3 
67 324 3 
67 393 3 
67 128 1 
67 180 1 
67 394 3 
67 659 3 
67 389 3 
67 4 3 
67 1302 3 
67 388 -1
68 662 2 
68 101 3 
68 460 3 
68 661 3 
68 62 3 
68 628 -1
69 458 2 
69 570 2 
69 977 3 
69 62 3 
69 336 4 
69 540 -1
70 333 1 
70 568 2 
70 570 2 
70 62 2 
70 101 3 
70 283 3 
70 565 3 
70 24 4 
70 977 3 
70 307 3 
70 540 -1
71 569 1 
71 571 1 
71 1355 2 
71 101 3 
71 655 3 
71 1213 3 
71 798 4 
71 572 1 
71 540 -1
72 21 2 
72 324 2 
72 630 2 
72 94 3 
72 664 3 
72 304 3 
72 128 4 
72 323 4 
72 663 4 
72 570 3 
72 494 3 
72 305 4 
72 309 4 
72 571 4 
72 655 4 
72 388 4 
72 62 4 
72 629 -1
73 332 2 
73 572 2 
73 578 2 
73 573 3 
73 574 3 
73 421 3 
73 25 4 
73 317 4 
73 577 4 
73 401 2 
73 625 2 
73 160 3 
73 1213 3 
73 1304 3 
73 1198 4 
73 655 4 
73 1355 4 
73 68 3 
73 571 3 
73 1252 3 
73 541 -1
74 576 2 
74 656 2 
74 575 3 
74 317 4 
74 574 4 
74 578 4 
74 541 -1
75 667 2 
75 324 3 
75 378 3 
75 666 3 
75 670 3 
75 630 -1
76 378 2 
76 667 2 
76 324 3 
76 666 3 
76 670 3 
76 1391 3 
76 329 3 
76 630 -1
77 668 2 
77 666 3 
77 667 3 
77 670 3 
77 329 4 
77 1391 4 
77 630 -1
78 588 2 
78 589 3 
78 590 3 
78 543 -1
79 597 3 
79 598 3 
79 688 4 
79 708 4 
79 713 4 
79 544 -1
80 594 1 
80 597 1 
80 596 3 
80 598 3 
80 544 -1
81 672 1 
81 799 4 
81 631 -1
82 676 2 
82 677 2 
82 678 3 
82 679 3 
82 205 3 
82 632 -1
83 680 2 
83 681 2 
83 682 2 
83 683 2 
83 633 -1
84 606 2 
84 406 2 
84 608 3 
84 142 3 
84 294 3 
84 354 4 
84 522 4 
84 962 3 
84 1192 3 
84 1213 3 
84 873 4 
84 546 -1
85 608 1 
85 406 2 
85 606 3 
85 710 3 
85 546 -1
86 594 3 
86 790 3 
86 755 -1
87 606 2 
87 611 2 
87 562 3 
87 50 4 
87 236 4 
87 609 4 
87 612 4 
87 406 4 
87 547 -1
88 613 2 
88 614 2 
88 615 2 
88 616 3 
88 617 3 
88 618 4 
88 548 -1
89 793 2 
89 794 2 
89 797 3 
89 795 4 
89 796 4 
89 420 4 
89 757 -1
90 794 2 
90 797 2 
90 798 2 
90 793 3 
90 796 3 
90 291 3 
90 800 4 
90 1187 4 
90 256 2 
90 311 3 
90 335 3 
90 1364 3 
90 1367 4 
90 757 -1
91 252 2 
91 801 2 
91 797 3 
91 799 3 
91 800 3 
91 793 4 
91 794 4 
91 1154 3 
91 672 4 
91 757 -1
92 802 2 
92 803 2 
92 808 3 
92 809 3 
92 811 3 
92 804 4 
92 805 4 
92 806 4 
92 253 3 
92 1247 3 
92 807 4 
92 810 4 
92 1243 4 
92 758 -1
93 691 3 
93 635 -1
94 24 1 
94 283 3 
94 294 3 
94 559 3 
94 689 4 
94 690 4 
94 101 4 
94 1393 3 
94 354 4 
94 1104 4 
94 1161 4 
94 1395 4 
94 635 -1
95 283 1 
95 662 4 
95 635 -1
96 703 3 
96 704 3 
96 705 3 
96 698 4 
96 699 4 
96 700 4 
96 1289 3 
96 779 3 
96 701 4 
96 702 4 
96 706 4 
96 792 4 
96 1339 4 
96 637 -1
97 699 3 
97 700 3 
97 701 3 
97 698 4 
97 1289 4 
97 702 3 
97 703 3 
97 779 3 
97 1339 4 
97 681 3 
97 637 -1
98 713 2 
98 708 4 
98 709 4 
98 711 4 
98 712 4 
98 638 -1
99 717 2 
99 719 2 
99 1001 3 
99 1379 3 
99 639 -1
100 821 2 
100 822 2 
100 824 2 
100 820 3 
100 823 3 
100 825 3 
100 1122 2 
100 1051 3 
100 1121 3 
100 760 -1
101 817 2 
101 818 2 
101 819 2 
101 820 3 
101 825 3 
101 824 2 
101 760 -1
102 728 1 
102 913 2 
102 910 3 
102 911 4 
102 729 -1
103 826 3 
103 828 3 
103 761 -1
104 833 3 
104 834 3 
104 835 3 
104 836 3 
104 837 3 
104 762 -1
105 848 3 
105 844 4 
105 845 4 
105 846 4 
105 847 4 
105 764 -1
106 847 2 
106 846 3 
106 849 3 
106 844 4 
106 845 4 
106 764 -1
107 725 2 
107 728 2
107 729 3 
107 911 3 
107 720 4 
107 75 4 
107 909 4 
107 640 -1
108 724 2 
108 726 2 
108 727 2 
108 75 3 
108 909 3 
108 720 4 
108 723 4 
108 640 -1
109 860 1 
109 861 1 
109 606 3 
109 980 3 
109 12 3 
109 766 -1
110 862 1 
110 863 1 
110 31 3 
110 1174 4 
110 766 -1
111 15 2 
111 391 2 
111 864 2 
111 914 3 
111 392 3 
111 627 3 
111 658 3 
111 894 -1
112 731 3 
112 730 4 
112 641 -1
113 746 3 
113 748 3 
113 749 3 
113 265 3 
113 643 -1
114 919 1 
114 916 2 
114 920 3 
114 921 3 
114 895 -1
115 51 2 
115 185 2 
115 878 3 
115 874 4 
115 184 -1
116 922 1 
116 360 3 
116 605 3 
116 927 3 
116 492 4 
116 896 -1
117 360 2 
117 605 3 
117 896 -1
118 923 2 
118 924 3 
118 925 3 
118 896 -1
119 926 4 
119 897 -1
120 829 2 
120 887 2 
120 890 2 
120 885 3 
120 886 3 
120 888 3 
120 889 4 
120 1146 2 
120 891 3 
120 769 -1
121 885 1 
121 886 1 
121 1146 2 
121 887 1 
121 888 1 
121 890 1 
121 891 1 
121 769 -1
122 931 4 
122 932 2 
122 934 4 
122 935 4 
122 936 2 
122 937 2 
122 938 2 
122 957 3 
122 1131 3 
122 898 -1
123 966 2 
123 967 3 
123 941 -1
124 967 2 
124 968 2 
124 964 3 
124 965 3 
124 941 -1
125 969 2 
125 970 2 
125 971 2 
125 187 3 
125 973 3 
125 173 3 
125 974 4 
125 177 4 
125 972 2 
125 174 2 
125 997 2 
125 176 3 
125 409 3 
125 946 3 
125 992 3 
125 994 3 
125 995 3 
125 942 -1
126 974 2 
126 1326 2 
126 187 3 
126 969 3 
126 970 3 
126 971 3 
126 972 3 
126 973 3 
126 942 -1
127 101 2 
127 164 2 
127 981 3 
127 982 4 
127 983 4 
127 944 -1
128 985 3 
128 990 3 
128 945 -1
129 985 2 
129 987 2 
129 984 3 
129 988 3 
129 989 3 
129 986 4 
129 990 3 
129 945 -1
130 766 2 
130 858 3 
130 859 3 
130 1008 3 
130 12 3 
130 948 -1
131 1014 2 
131 1020 2 
131 1013 3 
131 1016 3 
131 1017 3 
131 1012 4 
131 1018 3 
131 1019 3 
131 950 -1
132 1014 1 
132 1013 3 
132 1015 3 
132 1016 3 
132 1012 4 
132 1018 4 
132 1019 4 
132 1017 3 
132 951 3 
132 1023 3 
132 1020 4 
132 952 4 
132 1024 4 
132 1025 3 
132 1026 3 
132 950 -1
133 1020 1 
133 1018 2 
133 1019 2 
133 1024 3 
133 1012 4 
133 1016 4 
133 1022 4 
133 950 -1
134 1027 2 
134 1028 3 
134 951 -1
135 1018 1 
135 1017 4 
135 1023 4 
135 1024 4 
135 1025 4 
135 1026 4 
135 950 4 
135 1016 4 
135 951 -1
136 1021 1 
136 1022 4 
136 1034 4 
136 951 -1
137 1029 2 
137 1034 3 
137 951 3 
137 1021 3 
137 952 -1
138 846 1 
138 1036 1 
138 953 -1
139 1031 2 
139 1032 2 
139 1035 2 
139 1037 4 
139 953 -1
140 1038 1 
140 1039 1 
140 1041 2 
140 1042 2 
140 1043 4 
140 1044 4 
140 954 -1
141 1038 1 
141 1041 1 
141 1043 2 
141 1044 2 
141 1039 3 
141 1042 3 
141 954 -1
142 1042 1 
142 954 -1
143 1043 1 
143 1044 1 
143 954 -1
144 840 2 
144 1045 2 
144 763 3 
144 838 3 
144 839 3 
144 841 3 
144 955 -1
145 763 2 
145 838 2 
145 839 2 
145 1045 3 
145 743 3 
145 852 4 
145 841 2 
145 955 -1
146 840 1 
146 1045 3 
146 955 -1
147 889 3 
147 1046 3 
147 1048 3 
147 1047 4 
147 1049 4 
147 1051 4 
147 1050 3 
147 843 3 
147 926 4 
147 822 4 
147 956 -1
148 889 2 
148 1048 2 
148 1050 2 
148 1046 3 
148 1049 3 
148 843 3 
148 956 -1
149 1057 3 
149 1058 3 
149 1059 3 
149 1052 4 
149 930 3 
149 931 3 
149 934 3 
149 936 3 
149 937 3 
149 938 3 
149 1131 3 
149 957 -1
150 1074 3 
150 1075 3 
150 1062 -1
151 687 2 
151 1076 2 
151 1074 3 
151 1075 4 
151 1077 4 
151 1062 -1
152 1076 1 
152 1077 3 
152 569 3 
152 572 3 
152 687 4 
152 655 3 
152 1062 -1
153 1078 3 
153 1083 3 
153 1084 3 
153 1080 4 
153 1081 4 
153 1082 4 
153 1085 3 
153 1063 -1
154 1087 2 
154 1088 3 
154 1063 -1
155 1103 1 
155 1100 2 
155 983 3 
155 1101 3 
155 1104 3 
155 1099 4 
155 1065 -1
156 983 1 
156 1102 1 
156 1097 2 
156 1100 2 
156 274 2 
156 1096 3 
156 1098 3 
156 1099 3 
156 1103 4 
156 982 4 
156 1104 1 
156 553 2 
156 1101 3 
156 82 3 
156 1065 -1
157 273 2 
157 1105 2 
157 1106 2 
157 93 3 
157 161 3 
157 302 3 
157 122 4 
157 666 4 
157 1107 2 
157 556 2 
157 25 2 
157 1011 3 
157 19 3 
157 35 3 
157 1355 4 
157 372 2 
157 410 2 
157 456 2 
157 36 3 
157 44 3 
157 215 3 
157 626 2 
157 1151 2 
157 354 3 
157 369 3 
157 370 3 
157 421 3 
157 557 3 
157 605 3 
157 655 3 
157 657 3 
157 689 3 
157 1307 3 
157 318 3 
157 423 3 
157 1304 3 
157 160 3 
157 482 3 
157 572 3 
157 1006 -1
158 302 1 
158 1011 1 
158 552 2 
158 998 3 
158 1009 3 
158 1010 3 
158 273 4 
158 556 4 
158 1006 -1
159 234 3 
159 1108 3 
159 1110 3 
159 1114 4 
159 1115 4 
159 1111 3 
159 1112 3 
159 231 3 
159 1066 -1
160 1134 3 
160 1137 3 
160 1138 3 
160 1135 4 
160 1136 4 
160 1071 -1
161 54 2 
161 1386 2 
161 562 3 
161 336 3 
161 55 4 
161 996 4 
161 489 -1
162 111 1 
162 155 1 
162 460 2 
162 461 2 
162 54 3 
162 562 3 
162 458 1 
162 459 1 
162 489 -1
163 20 3 
163 56 3 
163 57 3 
163 492 -1
164 311 2 
164 415 3 
164 416 3 
164 798 3 
164 316 4 
164 335 4 
164 1364 3 
164 1367 3 
164 503 -1
165 71 1 
165 72 1 
165 504 -1
166 40 2 
166 41 2 
166 74 2 
166 207 2 
166 272 2 
166 418 2 
166 170 2 
166 1264 2 
166 504 -1
167 274 2 
167 82 3 
167 509 -1
168 217 1 
168 774 1 
168 750 -1
169 118 1 
169 157 1 
169 774 1 
169 775 1 
169 750 -1
170 139 2 
170 238 2 
170 239 3 
170 904 3 
170 906 3 
170 672 3 
170 893 -1
171 252 1 
171 431 1 
171 141 4 
171 516 -1
172 320 1 
172 321 1 
172 322 3 
172 476 3 
172 527 -1
173 367 1 
173 451 1 
173 532 -1
174 58 1 
174 411 1 
174 36 2 
174 423 4 
174 482 1 
174 533 -1
175 351 2 
175 966 2 
175 967 2 
175 964 3 
175 965 3 
175 941 -1
176 582 1 
176 583 1 
176 584 3 
176 585 3 
176 978 4 
176 586 1 
176 982 1 
176 542 -1
177 588 2 
177 589 2 
177 592 3 
177 772 3 
177 590 4 
177 543 -1
178 591 1 
178 590 3 
178 588 4 
178 589 4 
178 543 -1
179 680 3 
179 681 3 
179 682 3 
179 683 3 
179 633 -1
180 622 2 
180 619 3 
180 620 3 
180 621 3 
180 617 4 
180 616 4 
180 1150 4 
180 548 -1
181 973 2 
181 974 2 
181 409 2 
181 997 3 
181 1061 3 
181 942 -1
182 685 1 
182 686 3 
182 634 -1
183 803 1 
183 808 1 
183 802 2 
183 807 3 
183 811 3 
183 253 3 
183 804 4 
183 805 4 
183 806 4 
183 809 1 
183 810 4 
183 1243 4 
183 1247 4 
183 758 -1
184 32 3 
184 67 3 
184 715 3 
184 717 4 
184 716 3 
184 499 3 
184 1379 3 
184 639 -1
185 858 2 
185 859 2 
185 857 2 
185 1008 3 
185 856 3 
185 15 4 
185 285 4 
185 894 4 
185 766 2 
185 948 -1
186 1309 3 
186 1378 3 
186 923 3 
186 161 4 
186 421 4 
186 1377 4 
186 924 3 
186 1062 3 
186 1074 3 
186 1379 4 
186 1380 4 
186 1075 3 
186 225 3 
186 1280 3 
186 1305 3 
186 1304 3 
186 1188 -1
187 838 3 
187 839 3 
187 840 3 
187 743 4 
187 842 3 
187 1045 3 
187 763 -1
188 721 2 
188 722 2 
188 723 2 
188 75 3 
188 909 3 
188 724 4 
188 726 4 
188 725 2 
188 728 2 
188 729 2 
188 911 2 
188 640 -1
189 395 2 
189 866 2 
189 869 2 
189 865 3 
189 868 3 
189 870 3 
189 867 4 
189 872 3 
189 873 3 
189 767 -1
190 15 1 
190 391 1 
190 285 2 
190 390 3 
190 864 3 
190 894 -1
191 914 1 
191 915 1 
191 285 2 
191 857 2 
191 858 2 
191 15 3 
191 391 3 
191 856 3 
191 390 4 
191 1008 4 
191 948 3 
191 864 3 
191 658 3 
191 894 -1
192 733 1 
192 734 1 
192 735 1 
192 736 1 
192 641 -1
193 730 3 
193 422 3 
193 648 3 
193 731 4 
193 733 4 
193 734 4 
193 1392 3 
193 735 4 
193 736 4 
193 641 -1
194 739 2 
194 740 2 
194 742 2 
194 744 3 
194 741 4 
194 743 2 
194 642 -1
195 739 3 
195 742 3 
195 743 3 
195 642 -1
196 51 2 
196 185 2 
196 874 2 
196 878 3 
196 879 3 
196 880 3 
196 12 4 
196 875 2 
196 876 2 
196 202 3 
196 746 3 
196 13 3 
196 184 -1
197 881 2 
197 883 3 
197 884 3 
197 768 -1
198 887 2 
198 888 2 
198 889 2 
198 843 3 
198 769 -1
199 1052 1 
199 1053 1 
199 1054 2 
199 1055 2 
199 1056 2 
199 1060 2 
199 743 2 
199 744 2 
199 957 -1
200 1134 2 
200 1137 2 
200 1138 2 
200 1071 -1
201 552 2 
201 625 2 
201 1296 2 
201 93 3 
201 1151 3 
201 401 3 
201 110 4 
201 1391 4 
201 423 4 
201 541 3 
201 1295 3 
201 318 3 
201 1304 4 
201 160 4 
201 369 4 
201 482 4 
201 1140 -1
202 1303 2 
202 1304 2 
202 1309 2 
202 1306 3 
202 1308 3 
202 605 3 
202 602 4 
202 603 4 
202 604 4 
202 1110 2 
202 1305 4 
202 1310 4 
202 48 4 
202 232 4 
202 1285 -1
203 58 3 
203 1305 3 
203 1306 3 
203 602 4 
203 603 4 
203 604 4 
203 1307 3 
203 1310 3 
203 19 3 
203 232 4 
203 323 4 
203 688 4 
203 122 3 
203 1188 4 
203 1285 -1
204 572 2 
204 1311 2 
204 63 3 
204 540 3 
204 602 4 
204 603 4 
204 604 4 
204 1305 4 
204 1188 4 
204 307 4 
204 1213 4 
204 655 4 
204 1355 4 
204 68 4 
204 1285 -1
205 1321 2 
205 1322 2 
205 1287 -1
206 1338 2 
206 1341 2 
206 1340 3 
206 1290 -1
207 1338 2 
207 1339 2 
207 1340 3 
207 1341 3 
207 879 4 
207 1290 -1
208 163 3 
208 1344 3 
208 1345 3 
208 164 4 
208 1347 4 
208 1346 3 
208 1291 -1
209 1351 2 
209 1356 2 
209 1350 3 
209 187 3 
209 487 3 
209 45 4 
209 55 4 
209 316 4 
209 1383 3 
209 1385 3 
209 1106 4 
209 1228 4 
209 1292 -1
210 1171 2 
210 891 3 
210 1172 3 
210 1173 3 
210 1030 4 
210 1174 3 
210 1145 -1
211 891 2 
211 1172 2 
211 1173 3 
211 1174 3 
211 763 3 
211 769 4 
211 1030 4 
211 1031 4 
211 1033 4 
211 1052 4 
211 1068 4 
211 1145 -1
212 888 2 
212 889 2 
212 1178 2 
212 885 3 
212 887 3 
212 886 3 
212 841 4 
212 1176 4 
212 1177 4 
212 890 3 
212 769 3 
212 891 3 
212 1173 3 
212 843 3 
212 1146 -1
213 888 1 
213 885 2 
213 887 2 
213 889 2 
213 1178 3 
213 769 3 
213 1173 3 
213 1177 4 
213 886 3 
213 890 3 
213 843 3 
213 1146 -1
214 833 3 
214 1361 3 
214 1362 3 
214 1363 3 
214 1294 -1
215 37 4 
215 35 4 
215 535 -1
216 156 1 
216 506 -1
217 666 1 
217 667 1 
217 1258 2 
217 1394 2 
217 668 3 
217 670 3 
217 1204 3 
217 1391 4 
217 1395 1 
217 1300 3 
217 37 3 
217 559 3 
217 630 3 
217 1107 3 
217 1213 3 
217 1191 -1
218 24 1 
218 101 1 
218 666 3 
218 667 3 
218 93 3 
218 1258 4 
218 1393 1 
218 559 3 
218 630 3 
218 662 3 
218 1104 3 
218 1107 3 
218 1204 3 
218 1213 3 
218 1300 3 
218 1191 -1
219 1391 1 
219 666 2 
219 667 2 
219 1258 2 
219 1078 3 
219 1080 3 
219 1081 3 
219 1394 2 
219 1395 2 
219 1214 3 
219 1198 3 
219 1204 3 
219 1300 3 
219 559 3 
219 630 3 
219 662 3 
219 1107 3 
219 1213 3 
219 1191 -1
220 1383 2 
220 1385 2 
220 155 3 
220 241 3 
220 1382 3 
220 1370 4 
220 1386 4 
220 111 4 
220 1384 3 
220 150 3 
220 292 3 
220 458 4 
220 479 4 
220 977 4 
220 376 3 
220 459 3 
220 1365 3 
220 62 3 
220 1366 3 
220 1182 -1
221 155 2 
221 1383 2 
221 1385 2 
221 1382 3 
221 62 3 
221 292 3 
221 241 4 
221 1370 4 
221 1384 4 
221 458 3 
221 459 3 
221 461 3 
221 1386 4 
221 1365 3 
221 1366 3 
221 111 3 
221 150 3 
221 479 3 
221 1182 -1
222 400 3 
222 419 3 
222 1387 3 
222 412 4 
222 1392 4 
222 1398 4 
222 1397 3 
222 1400 3 
222 1399 4 
222 1396 -1
223 400 3 
223 1387 3 
223 1392 3 
223 1398 3 
223 1396 -1
224 656 3 
224 1313 3 
224 1317 3 
224 1316 4 
224 1318 3 
224 1319 3 
224 1157 3 
224 1274 3 
224 1286 -1
225 1379 2 
225 1305 2 
225 1304 2 
225 40 3 
225 293 3 
225 1309 3 
225 161 4 
225 421 4 
225 1377 4 
225 1378 3 
225 1381 3 
225 225 3 
225 1380 4 
225 448 3 
225 449 3 
225 1124 3 
225 1280 3 
225 433 3 
225 923 3 
225 924 3 
225 1062 3 
225 1074 3 
225 1075 3 
225 1213 3 
225 1188 -1